{
  "nbformat": 4,
  "nbformat_minor": 0,
  "metadata": {
    "colab": {
      "name": "model in quotes.ipynb",
      "provenance": [],
      "collapsed_sections": [],
      "authorship_tag": "ABX9TyOWsekVMB7G7lCgoqF80KhT",
      "include_colab_link": true
    },
    "kernelspec": {
      "name": "python3",
      "display_name": "Python 3"
    },
    "language_info": {
      "name": "python"
    }
  },
  "cells": [
    {
      "cell_type": "markdown",
      "metadata": {
        "id": "view-in-github",
        "colab_type": "text"
      },
      "source": [
        "<a href=\"https://colab.research.google.com/github/Kebatotkulov/CompEcon/blob/main/model_in_quotes.ipynb\" target=\"_parent\"><img src=\"https://colab.research.google.com/assets/colab-badge.svg\" alt=\"Open In Colab\"/></a>"
      ]
    },
    {
      "cell_type": "markdown",
      "source": [
        "# Pre settings"
      ],
      "metadata": {
        "id": "gasfVbNVnzxK"
      }
    },
    {
      "cell_type": "code",
      "source": [
        "import pandas as pd\n",
        "import numpy as np\n",
        "def merger(df1, df2, left, right, method):\n",
        "  ndata = pd.merge(df1, df2, left_on=  left,\n",
        "                   right_on= right, \n",
        "                   how = method)\n",
        "  return ndata"
      ],
      "metadata": {
        "id": "BhfbNKTG8oLu"
      },
      "execution_count": 166,
      "outputs": []
    },
    {
      "cell_type": "markdown",
      "source": [
        "# Data Simulation "
      ],
      "metadata": {
        "id": "LkWrNn5ZI40V"
      }
    },
    {
      "cell_type": "markdown",
      "source": [
        "Основная проблема в реальных данных: у нас расположено n_i-ое количество магазинов в каждом индексе, а значит у всех магазнов индексных зон будут одинаковые показатели revenue. Как можно рабоатать с такими данными?"
      ],
      "metadata": {
        "id": "N41GIhBSEJXr"
      }
    },
    {
      "cell_type": "code",
      "source": [
        "from itertools import product\n",
        "def data_gen(seed_m=42):\n",
        "  np.random.seed(seed_m)\n",
        "  synt_cons = {'postcode_id':[i for i in range(100)], \n",
        "             'income':abs(np.random.normal(80000, 20000, 100)), \n",
        "             'population':np.random.uniform(4000, 7000 ,100),\n",
        "             'vehicle': np.random.randint(2,size = 100)}\n",
        "  synt_stores = {'shopid':list(range(10)), \n",
        "               'size':abs(np.random.normal(500,200, 10)), \n",
        "               'chain': np.random.uniform(1, 4, 10)}\n",
        "  cons, shops = pd.DataFrame(synt_cons).astype(int), pd.DataFrame(synt_stores).astype(int)\n",
        "  a, b = list(cons['postcode_id']), list(shops['shopid'])\n",
        "  df1 = pd.DataFrame(tuple(product(a, b)), columns=['postcode', 'shop'])\n",
        "  m1 = merger(cons, df1, 'postcode_id', 'postcode', 'left')\n",
        "  merged_conshops = merger(m1,shops, 'shop', 'shopid', 'left')\n",
        "  merged_conshops['km'] = np.random.uniform(2, 10, 1000) \n",
        "  return cons, shops, merged_conshops"
      ],
      "metadata": {
        "id": "vg6MFn9CEIrZ"
      },
      "execution_count": 167,
      "outputs": []
    },
    {
      "cell_type": "code",
      "source": [
        "cons, shops, merged_conshops = data_gen(seed_m=42)"
      ],
      "metadata": {
        "id": "PbkdZHylT4Ew"
      },
      "execution_count": 168,
      "outputs": []
    },
    {
      "cell_type": "markdown",
      "source": [
        "Calcualte \"theoretical\" valuations based on EllicksonGriecoKhvastunov2020 parameters\n",
        "\n",
        "$u_{sti} = u_{st} + \\epsilon_{sti} = \\delta_0 d_{st} + \\delta_1 d_{st} z_t + \\gamma_0 x_s + \\gamma_1 (x_s \\otimes z_t) + \\epsilon_{sti} $\n",
        "\n"
      ],
      "metadata": {
        "id": "XmLFyiyArA7j"
      }
    },
    {
      "cell_type": "code",
      "source": [
        "def util_sum(data = merged_conshops):\n",
        "  data['dist*vehicle'] = data['km'] * data['vehicle']\n",
        "  data['log(income)'] = np.log(data['income'])\n",
        "  data['dist*log(inc)'] = data['km'] * data['log(income)']\n",
        "  data['log(size)'] = np.log(data['size'])\n",
        "  data['log(size)*log(inc)'] = data['log(size)'] * data['log(income)']\n",
        "  est_cols = ['km','vehicle','dist*vehicle', 'dist*log(inc)', 'log(size)', 'log(size)*log(inc)']\n",
        "  return data[est_cols] \n"
      ],
      "metadata": {
        "id": "jCCDoO3Xq_9X"
      },
      "execution_count": 169,
      "outputs": []
    },
    {
      "cell_type": "code",
      "source": [
        "est_data = util_sum()"
      ],
      "metadata": {
        "id": "05Uspc9zUHXA"
      },
      "execution_count": 170,
      "outputs": []
    },
    {
      "cell_type": "code",
      "source": [
        "def util(data, params):\n",
        "  util = data.values.dot(np.array(params))\n",
        "  return util"
      ],
      "metadata": {
        "id": "BzK3ysds2yei"
      },
      "execution_count": 171,
      "outputs": []
    },
    {
      "cell_type": "code",
      "source": [
        "params = [-0.150, 1.4, 0.3, -1.4, 0.154, 0.126]#[118.10406005,   1.4,  -0.36093365,  -9.39329557, 26.44946197,  -2.00253653]#[-0.150, 1.4, 0.3, -1.4, 0.154, 0.126]\n",
        "u = util(est_data, params)"
      ],
      "metadata": {
        "id": "OcP_3pmK3cPW"
      },
      "execution_count": 172,
      "outputs": []
    },
    {
      "cell_type": "code",
      "source": [
        "u_v = u.reshape(100,-1) #array of 100 preference arrays "
      ],
      "metadata": {
        "id": "VRqnleH55ScH"
      },
      "execution_count": 173,
      "outputs": []
    },
    {
      "cell_type": "markdown",
      "source": [
        "## Estimation\n",
        "Try Platform Markets (CompEcon) code"
      ],
      "metadata": {
        "id": "D7QEYpGQn43q"
      }
    },
    {
      "cell_type": "code",
      "source": [
        "def solve_sa(F,x0,tol=1e-6,maxiter=100,callback=None,raise_error=True):\n",
        "    '''Computes the solution of fixed point equation x = F(x)\n",
        "    with given initial value x0 and algorithm parameters\n",
        "    Method: successive approximations\n",
        "    '''\n",
        "    for i in range(maxiter):  # main loop\n",
        "        x1 = F(x0)  # update approximation\n",
        "        err = np.amax(np.abs(x0-x1))  # allow for x to be array\n",
        "        if callback != None: callback(iter=i,err=err,x=x1,x0=x0)\n",
        "        if err<tol:\n",
        "            break  # break out if converged\n",
        "        x0 = x1  # get ready to the next iteration\n",
        "    else:\n",
        "        if raise_error:\n",
        "            raise RuntimeError('Failed to converge in %d iterations'%maxiter)\n",
        "    return x1\n",
        "\n",
        "def mnewton(fun,grad,x0,tol=1e-6,maxiter=100,callback=None):\n",
        "    '''Multinomial Newton method for solving systems of equation F(x)=0,\n",
        "    x is vector of m elements, F(x) is a m-valued function.\n",
        "    Given tolerance and number of iterations are used.\n",
        "    Callback function is invoked at each iteration if given.\n",
        "    '''\n",
        "    # conversion to array function of array argument\n",
        "    npfun = lambda x: np.asarray(fun(x))\n",
        "    npgrad = lambda x: np.asarray(grad(x))\n",
        "    for i in range(maxiter):\n",
        "        x1 = x0 - np.linalg.inv(npgrad(x0)) @ npfun(x0)  # matrix version\n",
        "        err = np.amax(np.abs(x1-x0)) # max over vector elements\n",
        "        if callback != None: callback(iter=i,err=err,x0=x0,x1=x1,fun=fun)\n",
        "        if err<tol: break\n",
        "        x0 = x1\n",
        "    else:\n",
        "        raise RuntimeError('Failed to converge in %d iterations'%maxiter)\n",
        "    return x1\n",
        "\n",
        "class model:\n",
        "    '''Simple platform equilibrium model'''\n",
        "\n",
        "    def __init__(self, util_vec=u_v[0], m=10,n=1):\n",
        "        '''Define default model parameters'''\n",
        "        self.m,self.n = m,n  # number of products and consumer types\n",
        "        self.c = util_vec.reshape(m, n)    # valuations (random uniform)\n",
        "        self.p = np.array(n*[1/n])  # population composition (from symmetric Dirichlet distribution)\n",
        "\n",
        "    def __repr__(self):\n",
        "        return 'Number of platform products = {:d}\\nNumber of consumer types = {:d}\\nPopulation composition = {}\\nValuations:\\n{}'.format(self.m,self.n,self.p,self.c)\n",
        "\n",
        "    def ccp(self,u):\n",
        "        '''Conditional choice probabilities\n",
        "        Input: m*n array of utilities, to be reshaped\n",
        "        Output: m by n matrix\n",
        "        '''\n",
        "        u = np.asarray(u).reshape((self.m,self.n),order='F')   # convert to matrix, column-major reshaping\n",
        "        u = u - np.amax(u,axis=0) # de-max by column (avoid exp of large numbers)\n",
        "        e = np.exp(u)\n",
        "        esum = e.sum(axis=0)  # sums of exps\n",
        "        return e/esum         # matrix of choice probabilities\n",
        "\n",
        "    def shares(self,ccp):\n",
        "        '''Market shares from choice probabilities\n",
        "        Input: m by n matrix of ccps\n",
        "        Output: market shares, m by 1 column vector\n",
        "        '''\n",
        "        out = ccp @ self.p  # one-dim vector\n",
        "        return out[:,np.newaxis]  # column vector\n",
        "\n",
        "    def F(self,u):\n",
        "        '''Fixed point equation u=F(u)\n",
        "        Input: m*n array of utilities\n",
        "        Output: m*n array of utilities\n",
        "        '''\n",
        "        ccp = self.ccp(u)     # matrix of choice probabilities\n",
        "        sh = self.shares(ccp) # market shares\n",
        "        u1 = self.c + sh     # updated utilities\n",
        "        return u1.reshape(self.m*self.n,order='F') # return one dimensional array\n",
        "\n",
        "    def G(self,u):\n",
        "        '''LHS of the equation is standard form u-F(u)=0.\n",
        "        Input: m*n array of utilities\n",
        "        Output: m*n array of equation residuals\n",
        "        '''\n",
        "        return u - self.F(u)\n",
        "\n",
        "    def dGa(self,u):\n",
        "        '''Jacobian of G(u) computed in a direct and inefficient but more clear way\n",
        "        Input: m*n array of utilities\n",
        "        Output: m*n by m*n matrix of first derivatives\n",
        "        '''\n",
        "        ccp = self.ccp(u)\n",
        "        out = np.ones((self.m*self.n,self.m*self.n))\n",
        "        for i in range(self.m):\n",
        "            for j in range(self.n):\n",
        "                for k in range(self.m):\n",
        "                    for l in range(self.n):\n",
        "                        # formula for derivatives of dg(i,j)/du(k,l)\n",
        "                        if i==k and j==l:\n",
        "                            val = 1 - ccp[i,j]*(1-ccp[i,j])*self.p[l]\n",
        "                        elif i==k and j!=l:\n",
        "                            val = - ccp[i,l]*(1-ccp[i,l])*self.p[l]\n",
        "                        elif i!=k:\n",
        "                            val = ccp[i,l]*ccp[k,l]*self.p[l]\n",
        "                        else:\n",
        "                            raise error\n",
        "                        # column-major indexing\n",
        "                        out[j*self.m+i,l*self.m+k] = val\n",
        "        return out\n",
        "\n",
        "    def dGb(self,u):\n",
        "        '''Jacobian of G(u)\n",
        "        Input: m*n array of utilities\n",
        "        Output: m*n by m*n matrix of first derivatives\n",
        "        '''\n",
        "        ccp = self.ccp(u)\n",
        "        out = np.empty((self.m*self.n,self.m*self.n))\n",
        "        # step 1 and 2\n",
        "        for l in range(self.n):\n",
        "            block = self.p[l]*np.outer(ccp[:,l],ccp[:,l])\n",
        "            block -= np.diag(self.p[l]*ccp[:,l]) # add diagonal elements\n",
        "            out[:,l*self.m:(l+1)*self.m] = np.tile(block,(self.n,1))\n",
        "        # step 3\n",
        "        out += np.eye(self.m*self.n)\n",
        "        return out\n",
        "\n",
        "\n",
        "def printiter(**kwargs):\n",
        "    print('iter %d, err = %1.3e'%(kwargs['iter'],kwargs['err']))\n",
        "\n",
        "md = model(u_v[0])\n",
        "# md = model(m=3,n=2)\n",
        "print(md)\n",
        "\n",
        "x0 = md.c.reshape(md.m*md.n,order='F')\n",
        "print('x0=',x0)\n",
        "\n",
        "print('dG loops :',md.dGa(x0),sep='\\n')\n",
        "print('dG matrix:',md.dGb(x0),sep='\\n')\n",
        "print('Differences:',md.dGa(x0)-md.dGb(x0) > 1e-8,sep='\\n')"
      ],
      "metadata": {
        "colab": {
          "base_uri": "https://localhost:8080/"
        },
        "id": "MQDPoAb9n66E",
        "outputId": "411234d9-18bb-4ebc-a192-88687932e0fa"
      },
      "execution_count": 174,
      "outputs": [
        {
          "output_type": "stream",
          "name": "stdout",
          "text": [
            "Number of platform products = 10\n",
            "Number of consumer types = 1\n",
            "Population composition = [1.]\n",
            "Valuations:\n",
            "[[ -27.10867254]\n",
            " [ -87.17651798]\n",
            " [ -89.36141966]\n",
            " [-101.18156968]\n",
            " [-112.58879485]\n",
            " [-143.80037775]\n",
            " [ -84.64990544]\n",
            " [ -63.41558665]\n",
            " [-120.60071412]\n",
            " [ -56.27810868]]\n",
            "x0= [ -27.10867254  -87.17651798  -89.36141966 -101.18156968 -112.58879485\n",
            " -143.80037775  -84.64990544  -63.41558665 -120.60071412  -56.27810868]\n",
            "dG loops :\n",
            "[[1.00000000e+00 8.18212638e-27 9.20397520e-28 6.76938965e-33\n",
            "  7.52410013e-38 2.09621750e-51 1.02367022e-25 1.70650493e-16\n",
            "  2.49414810e-41 2.14721160e-13]\n",
            " [8.18212638e-27 1.00000000e+00 7.53080883e-54 5.53880017e-59\n",
            "  6.15631382e-64 1.71515165e-77 8.37579909e-52 1.39628390e-42\n",
            "  2.04074350e-67 1.75687567e-39]\n",
            " [9.20397520e-28 7.53080883e-54 1.00000000e+00 6.23052945e-60\n",
            "  6.92516310e-65 1.92935339e-78 9.42183529e-53 1.57066291e-43\n",
            "  2.29560772e-68 1.97628823e-40]\n",
            " [6.76938965e-33 5.53880017e-59 6.23052945e-60 1.00000000e+00\n",
            "  5.09335656e-70 1.41901130e-83 6.92962257e-58 1.15519968e-48\n",
            "  1.68838603e-73 1.45353120e-45]\n",
            " [7.52410013e-38 6.15631382e-64 6.92516310e-65 5.09335656e-70\n",
            "  1.00000000e+00 1.57721504e-88 7.70219722e-63 1.28399140e-53\n",
            "  1.87662200e-78 1.61558351e-50]\n",
            " [2.09621750e-51 1.71515165e-77 1.92935339e-78 1.41901130e-83\n",
            "  1.57721504e-88 1.00000000e+00 2.14583542e-76 3.57720550e-67\n",
            "  5.22827689e-92 4.50102253e-64]\n",
            " [1.02367022e-25 8.37579909e-52 9.42183529e-53 6.92962257e-58\n",
            "  7.70219722e-63 2.14583542e-76 1.00000000e+00 1.74689827e-41\n",
            "  2.55318513e-66 2.19803656e-38]\n",
            " [1.70650493e-16 1.39628390e-42 1.57066291e-43 1.15519968e-48\n",
            "  1.28399140e-53 3.57720550e-67 1.74689827e-41 1.00000000e+00\n",
            "  4.25627603e-57 3.66422718e-29]\n",
            " [2.49414810e-41 2.04074350e-67 2.29560772e-68 1.68838603e-73\n",
            "  1.87662200e-78 5.22827689e-92 2.55318513e-66 4.25627603e-57\n",
            "  1.00000000e+00 5.35546372e-54]\n",
            " [2.14721160e-13 1.75687567e-39 1.97628823e-40 1.45353120e-45\n",
            "  1.61558351e-50 4.50102253e-64 2.19803656e-38 3.66422718e-29\n",
            "  5.35546372e-54 1.00000000e+00]]\n",
            "dG matrix:\n",
            "[[1.00000000e+00 8.18212638e-27 9.20397520e-28 6.76938965e-33\n",
            "  7.52410013e-38 2.09621750e-51 1.02367022e-25 1.70650493e-16\n",
            "  2.49414810e-41 2.14721160e-13]\n",
            " [8.18212638e-27 1.00000000e+00 7.53080883e-54 5.53880017e-59\n",
            "  6.15631382e-64 1.71515165e-77 8.37579909e-52 1.39628390e-42\n",
            "  2.04074350e-67 1.75687567e-39]\n",
            " [9.20397520e-28 7.53080883e-54 1.00000000e+00 6.23052945e-60\n",
            "  6.92516310e-65 1.92935339e-78 9.42183529e-53 1.57066291e-43\n",
            "  2.29560772e-68 1.97628823e-40]\n",
            " [6.76938965e-33 5.53880017e-59 6.23052945e-60 1.00000000e+00\n",
            "  5.09335656e-70 1.41901130e-83 6.92962257e-58 1.15519968e-48\n",
            "  1.68838603e-73 1.45353120e-45]\n",
            " [7.52410013e-38 6.15631382e-64 6.92516310e-65 5.09335656e-70\n",
            "  1.00000000e+00 1.57721504e-88 7.70219722e-63 1.28399140e-53\n",
            "  1.87662200e-78 1.61558351e-50]\n",
            " [2.09621750e-51 1.71515165e-77 1.92935339e-78 1.41901130e-83\n",
            "  1.57721504e-88 1.00000000e+00 2.14583542e-76 3.57720550e-67\n",
            "  5.22827689e-92 4.50102253e-64]\n",
            " [1.02367022e-25 8.37579909e-52 9.42183529e-53 6.92962257e-58\n",
            "  7.70219722e-63 2.14583542e-76 1.00000000e+00 1.74689827e-41\n",
            "  2.55318513e-66 2.19803656e-38]\n",
            " [1.70650493e-16 1.39628390e-42 1.57066291e-43 1.15519968e-48\n",
            "  1.28399140e-53 3.57720550e-67 1.74689827e-41 1.00000000e+00\n",
            "  4.25627603e-57 3.66422718e-29]\n",
            " [2.49414810e-41 2.04074350e-67 2.29560772e-68 1.68838603e-73\n",
            "  1.87662200e-78 5.22827689e-92 2.55318513e-66 4.25627603e-57\n",
            "  1.00000000e+00 5.35546372e-54]\n",
            " [2.14721160e-13 1.75687567e-39 1.97628823e-40 1.45353120e-45\n",
            "  1.61558351e-50 4.50102253e-64 2.19803656e-38 3.66422718e-29\n",
            "  5.35546372e-54 1.00000000e+00]]\n",
            "Differences:\n",
            "[[False False False False False False False False False False]\n",
            " [False False False False False False False False False False]\n",
            " [False False False False False False False False False False]\n",
            " [False False False False False False False False False False]\n",
            " [False False False False False False False False False False]\n",
            " [False False False False False False False False False False]\n",
            " [False False False False False False False False False False]\n",
            " [False False False False False False False False False False]\n",
            " [False False False False False False False False False False]\n",
            " [False False False False False False False False False False]]\n"
          ]
        }
      ]
    },
    {
      "cell_type": "code",
      "source": [
        "print('SA:')\n",
        "x = solve_sa(md.F,x0=x0,tol=1e-10)\n",
        "print('SA: Equilibrium found!')\n",
        "ccp = md.ccp(x)\n",
        "shares = md.shares(ccp).squeeze()  # make one-dim array\n",
        "print('Equilibrium choice probabilities:',ccp,'Equilibrium market shares:',shares,sep='\\n')"
      ],
      "metadata": {
        "colab": {
          "base_uri": "https://localhost:8080/"
        },
        "id": "_Ayqt67itR4t",
        "outputId": "10225ad6-fd8c-40d9-bf56-d13f76bad821"
      },
      "execution_count": 175,
      "outputs": [
        {
          "output_type": "stream",
          "name": "stdout",
          "text": [
            "SA:\n",
            "SA: Equilibrium found!\n",
            "Equilibrium choice probabilities:\n",
            "[[1.00000000e+00]\n",
            " [3.01003608e-27]\n",
            " [3.38595325e-28]\n",
            " [2.49031928e-33]\n",
            " [2.76796175e-38]\n",
            " [7.71155322e-52]\n",
            " [3.76587227e-26]\n",
            " [6.27788080e-17]\n",
            " [9.17545809e-42]\n",
            " [7.89915003e-14]]\n",
            "Equilibrium market shares:\n",
            "[1.00000000e+00 3.01003608e-27 3.38595325e-28 2.49031928e-33\n",
            " 2.76796175e-38 7.71155322e-52 3.76587227e-26 6.27788080e-17\n",
            " 9.17545809e-42 7.89915003e-14]\n"
          ]
        }
      ]
    },
    {
      "cell_type": "code",
      "source": [
        "l = []\n",
        "for i in range(len(u_v)):\n",
        "  md = model(u_v[i])\n",
        "  x0 = md.c.reshape(md.m*md.n,order='F')\n",
        "  x = solve_sa(md.F,x0=x0,tol=1e-10)\n",
        "  ccp = md.ccp(x)\n",
        "  l.append(ccp)\n"
      ],
      "metadata": {
        "id": "TYKnxHCvDSSH"
      },
      "execution_count": 176,
      "outputs": []
    },
    {
      "cell_type": "code",
      "source": [
        "ccp = np.array(l).reshape(1,-1)"
      ],
      "metadata": {
        "id": "RebW-GS9EzVQ"
      },
      "execution_count": 177,
      "outputs": []
    },
    {
      "cell_type": "code",
      "source": [
        "merged_conshops['probs'] = ccp[0]"
      ],
      "metadata": {
        "id": "tLXKuWt0E_DV"
      },
      "execution_count": 178,
      "outputs": []
    },
    {
      "cell_type": "code",
      "source": [
        "merged_conshops.head(15)"
      ],
      "metadata": {
        "colab": {
          "base_uri": "https://localhost:8080/",
          "height": 584
        },
        "id": "CfaFdKPxXhzN",
        "outputId": "7fcfc746-a93b-4ff3-a7cf-7db88cb00291"
      },
      "execution_count": 179,
      "outputs": [
        {
          "output_type": "execute_result",
          "data": {
            "text/plain": [
              "    postcode_id  income  population  vehicle  postcode  shop  shopid  size  \\\n",
              "0             0   89934        5252        1         0     0       0   436   \n",
              "1             0   89934        5252        1         0     1       1   651   \n",
              "2             0   89934        5252        1         0     2       2   345   \n",
              "3             0   89934        5252        1         0     3       3   452   \n",
              "4             0   89934        5252        1         0     4       4   402   \n",
              "5             0   89934        5252        1         0     5       5   516   \n",
              "6             0   89934        5252        1         0     6       6   962   \n",
              "7             0   89934        5252        1         0     7       7   126   \n",
              "8             0   89934        5252        1         0     8       8   637   \n",
              "9             0   89934        5252        1         0     9       9   177   \n",
              "10            1   77234        4666        0         1     0       0   436   \n",
              "11            1   77234        4666        0         1     1       1   651   \n",
              "12            1   77234        4666        0         1     2       2   345   \n",
              "13            1   77234        4666        0         1     3       3   452   \n",
              "14            1   77234        4666        0         1     4       4   402   \n",
              "\n",
              "    chain        km  dist*vehicle  log(income)  dist*log(inc)  log(size)  \\\n",
              "0       1  2.413454      2.413454    11.406831      27.529860   6.077642   \n",
              "1       1  6.250837      6.250837    11.406831      71.302244   6.478510   \n",
              "2       3  6.325081      6.325081    11.406831      72.149132   5.843544   \n",
              "3       2  7.099439      7.099439    11.406831      80.982106   6.113682   \n",
              "4       1  7.808731      7.808731    11.406831      89.072874   5.996452   \n",
              "5       2  9.806817      9.806817    11.406831     111.864703   6.246107   \n",
              "6       3  6.130403      6.130403    11.406831      69.928471   6.869014   \n",
              "7       1  4.583652      4.583652    11.406831      52.284943   4.836282   \n",
              "8       2  8.361490      8.361490    11.406831      95.378101   6.456770   \n",
              "9       1  4.166658      4.166658    11.406831      47.528365   5.176150   \n",
              "10      1  5.511771      0.000000    11.254595      62.032755   6.077642   \n",
              "11      1  2.627651      0.000000    11.254595      29.573149   6.478510   \n",
              "12      3  2.202806      0.000000    11.254595      24.791689   5.843544   \n",
              "13      2  9.701187      0.000000    11.254595     109.182935   6.113682   \n",
              "14      1  8.687841      0.000000    11.254595      97.778132   5.996452   \n",
              "\n",
              "    log(size)*log(inc)         probs  \n",
              "0            69.326640  1.000000e+00  \n",
              "1            73.899267  3.010036e-27  \n",
              "2            66.656326  3.385953e-28  \n",
              "3            69.737742  2.490319e-33  \n",
              "4            68.400518  2.767962e-38  \n",
              "5            71.248286  7.711553e-52  \n",
              "6            78.353689  3.765872e-26  \n",
              "7            55.166652  6.277881e-17  \n",
              "8            73.651283  9.175458e-42  \n",
              "9            59.043467  7.899150e-14  \n",
              "10           68.401402  7.361214e-24  \n",
              "11           72.913003  1.161092e-03  \n",
              "12           65.766726  9.988389e-01  \n",
              "13           68.807017  8.927940e-53  \n",
              "14           67.487640  7.429964e-46  "
            ],
            "text/html": [
              "\n",
              "  <div id=\"df-ee7450f8-363e-42c3-853b-aaf66ee2f0ab\">\n",
              "    <div class=\"colab-df-container\">\n",
              "      <div>\n",
              "<style scoped>\n",
              "    .dataframe tbody tr th:only-of-type {\n",
              "        vertical-align: middle;\n",
              "    }\n",
              "\n",
              "    .dataframe tbody tr th {\n",
              "        vertical-align: top;\n",
              "    }\n",
              "\n",
              "    .dataframe thead th {\n",
              "        text-align: right;\n",
              "    }\n",
              "</style>\n",
              "<table border=\"1\" class=\"dataframe\">\n",
              "  <thead>\n",
              "    <tr style=\"text-align: right;\">\n",
              "      <th></th>\n",
              "      <th>postcode_id</th>\n",
              "      <th>income</th>\n",
              "      <th>population</th>\n",
              "      <th>vehicle</th>\n",
              "      <th>postcode</th>\n",
              "      <th>shop</th>\n",
              "      <th>shopid</th>\n",
              "      <th>size</th>\n",
              "      <th>chain</th>\n",
              "      <th>km</th>\n",
              "      <th>dist*vehicle</th>\n",
              "      <th>log(income)</th>\n",
              "      <th>dist*log(inc)</th>\n",
              "      <th>log(size)</th>\n",
              "      <th>log(size)*log(inc)</th>\n",
              "      <th>probs</th>\n",
              "    </tr>\n",
              "  </thead>\n",
              "  <tbody>\n",
              "    <tr>\n",
              "      <th>0</th>\n",
              "      <td>0</td>\n",
              "      <td>89934</td>\n",
              "      <td>5252</td>\n",
              "      <td>1</td>\n",
              "      <td>0</td>\n",
              "      <td>0</td>\n",
              "      <td>0</td>\n",
              "      <td>436</td>\n",
              "      <td>1</td>\n",
              "      <td>2.413454</td>\n",
              "      <td>2.413454</td>\n",
              "      <td>11.406831</td>\n",
              "      <td>27.529860</td>\n",
              "      <td>6.077642</td>\n",
              "      <td>69.326640</td>\n",
              "      <td>1.000000e+00</td>\n",
              "    </tr>\n",
              "    <tr>\n",
              "      <th>1</th>\n",
              "      <td>0</td>\n",
              "      <td>89934</td>\n",
              "      <td>5252</td>\n",
              "      <td>1</td>\n",
              "      <td>0</td>\n",
              "      <td>1</td>\n",
              "      <td>1</td>\n",
              "      <td>651</td>\n",
              "      <td>1</td>\n",
              "      <td>6.250837</td>\n",
              "      <td>6.250837</td>\n",
              "      <td>11.406831</td>\n",
              "      <td>71.302244</td>\n",
              "      <td>6.478510</td>\n",
              "      <td>73.899267</td>\n",
              "      <td>3.010036e-27</td>\n",
              "    </tr>\n",
              "    <tr>\n",
              "      <th>2</th>\n",
              "      <td>0</td>\n",
              "      <td>89934</td>\n",
              "      <td>5252</td>\n",
              "      <td>1</td>\n",
              "      <td>0</td>\n",
              "      <td>2</td>\n",
              "      <td>2</td>\n",
              "      <td>345</td>\n",
              "      <td>3</td>\n",
              "      <td>6.325081</td>\n",
              "      <td>6.325081</td>\n",
              "      <td>11.406831</td>\n",
              "      <td>72.149132</td>\n",
              "      <td>5.843544</td>\n",
              "      <td>66.656326</td>\n",
              "      <td>3.385953e-28</td>\n",
              "    </tr>\n",
              "    <tr>\n",
              "      <th>3</th>\n",
              "      <td>0</td>\n",
              "      <td>89934</td>\n",
              "      <td>5252</td>\n",
              "      <td>1</td>\n",
              "      <td>0</td>\n",
              "      <td>3</td>\n",
              "      <td>3</td>\n",
              "      <td>452</td>\n",
              "      <td>2</td>\n",
              "      <td>7.099439</td>\n",
              "      <td>7.099439</td>\n",
              "      <td>11.406831</td>\n",
              "      <td>80.982106</td>\n",
              "      <td>6.113682</td>\n",
              "      <td>69.737742</td>\n",
              "      <td>2.490319e-33</td>\n",
              "    </tr>\n",
              "    <tr>\n",
              "      <th>4</th>\n",
              "      <td>0</td>\n",
              "      <td>89934</td>\n",
              "      <td>5252</td>\n",
              "      <td>1</td>\n",
              "      <td>0</td>\n",
              "      <td>4</td>\n",
              "      <td>4</td>\n",
              "      <td>402</td>\n",
              "      <td>1</td>\n",
              "      <td>7.808731</td>\n",
              "      <td>7.808731</td>\n",
              "      <td>11.406831</td>\n",
              "      <td>89.072874</td>\n",
              "      <td>5.996452</td>\n",
              "      <td>68.400518</td>\n",
              "      <td>2.767962e-38</td>\n",
              "    </tr>\n",
              "    <tr>\n",
              "      <th>5</th>\n",
              "      <td>0</td>\n",
              "      <td>89934</td>\n",
              "      <td>5252</td>\n",
              "      <td>1</td>\n",
              "      <td>0</td>\n",
              "      <td>5</td>\n",
              "      <td>5</td>\n",
              "      <td>516</td>\n",
              "      <td>2</td>\n",
              "      <td>9.806817</td>\n",
              "      <td>9.806817</td>\n",
              "      <td>11.406831</td>\n",
              "      <td>111.864703</td>\n",
              "      <td>6.246107</td>\n",
              "      <td>71.248286</td>\n",
              "      <td>7.711553e-52</td>\n",
              "    </tr>\n",
              "    <tr>\n",
              "      <th>6</th>\n",
              "      <td>0</td>\n",
              "      <td>89934</td>\n",
              "      <td>5252</td>\n",
              "      <td>1</td>\n",
              "      <td>0</td>\n",
              "      <td>6</td>\n",
              "      <td>6</td>\n",
              "      <td>962</td>\n",
              "      <td>3</td>\n",
              "      <td>6.130403</td>\n",
              "      <td>6.130403</td>\n",
              "      <td>11.406831</td>\n",
              "      <td>69.928471</td>\n",
              "      <td>6.869014</td>\n",
              "      <td>78.353689</td>\n",
              "      <td>3.765872e-26</td>\n",
              "    </tr>\n",
              "    <tr>\n",
              "      <th>7</th>\n",
              "      <td>0</td>\n",
              "      <td>89934</td>\n",
              "      <td>5252</td>\n",
              "      <td>1</td>\n",
              "      <td>0</td>\n",
              "      <td>7</td>\n",
              "      <td>7</td>\n",
              "      <td>126</td>\n",
              "      <td>1</td>\n",
              "      <td>4.583652</td>\n",
              "      <td>4.583652</td>\n",
              "      <td>11.406831</td>\n",
              "      <td>52.284943</td>\n",
              "      <td>4.836282</td>\n",
              "      <td>55.166652</td>\n",
              "      <td>6.277881e-17</td>\n",
              "    </tr>\n",
              "    <tr>\n",
              "      <th>8</th>\n",
              "      <td>0</td>\n",
              "      <td>89934</td>\n",
              "      <td>5252</td>\n",
              "      <td>1</td>\n",
              "      <td>0</td>\n",
              "      <td>8</td>\n",
              "      <td>8</td>\n",
              "      <td>637</td>\n",
              "      <td>2</td>\n",
              "      <td>8.361490</td>\n",
              "      <td>8.361490</td>\n",
              "      <td>11.406831</td>\n",
              "      <td>95.378101</td>\n",
              "      <td>6.456770</td>\n",
              "      <td>73.651283</td>\n",
              "      <td>9.175458e-42</td>\n",
              "    </tr>\n",
              "    <tr>\n",
              "      <th>9</th>\n",
              "      <td>0</td>\n",
              "      <td>89934</td>\n",
              "      <td>5252</td>\n",
              "      <td>1</td>\n",
              "      <td>0</td>\n",
              "      <td>9</td>\n",
              "      <td>9</td>\n",
              "      <td>177</td>\n",
              "      <td>1</td>\n",
              "      <td>4.166658</td>\n",
              "      <td>4.166658</td>\n",
              "      <td>11.406831</td>\n",
              "      <td>47.528365</td>\n",
              "      <td>5.176150</td>\n",
              "      <td>59.043467</td>\n",
              "      <td>7.899150e-14</td>\n",
              "    </tr>\n",
              "    <tr>\n",
              "      <th>10</th>\n",
              "      <td>1</td>\n",
              "      <td>77234</td>\n",
              "      <td>4666</td>\n",
              "      <td>0</td>\n",
              "      <td>1</td>\n",
              "      <td>0</td>\n",
              "      <td>0</td>\n",
              "      <td>436</td>\n",
              "      <td>1</td>\n",
              "      <td>5.511771</td>\n",
              "      <td>0.000000</td>\n",
              "      <td>11.254595</td>\n",
              "      <td>62.032755</td>\n",
              "      <td>6.077642</td>\n",
              "      <td>68.401402</td>\n",
              "      <td>7.361214e-24</td>\n",
              "    </tr>\n",
              "    <tr>\n",
              "      <th>11</th>\n",
              "      <td>1</td>\n",
              "      <td>77234</td>\n",
              "      <td>4666</td>\n",
              "      <td>0</td>\n",
              "      <td>1</td>\n",
              "      <td>1</td>\n",
              "      <td>1</td>\n",
              "      <td>651</td>\n",
              "      <td>1</td>\n",
              "      <td>2.627651</td>\n",
              "      <td>0.000000</td>\n",
              "      <td>11.254595</td>\n",
              "      <td>29.573149</td>\n",
              "      <td>6.478510</td>\n",
              "      <td>72.913003</td>\n",
              "      <td>1.161092e-03</td>\n",
              "    </tr>\n",
              "    <tr>\n",
              "      <th>12</th>\n",
              "      <td>1</td>\n",
              "      <td>77234</td>\n",
              "      <td>4666</td>\n",
              "      <td>0</td>\n",
              "      <td>1</td>\n",
              "      <td>2</td>\n",
              "      <td>2</td>\n",
              "      <td>345</td>\n",
              "      <td>3</td>\n",
              "      <td>2.202806</td>\n",
              "      <td>0.000000</td>\n",
              "      <td>11.254595</td>\n",
              "      <td>24.791689</td>\n",
              "      <td>5.843544</td>\n",
              "      <td>65.766726</td>\n",
              "      <td>9.988389e-01</td>\n",
              "    </tr>\n",
              "    <tr>\n",
              "      <th>13</th>\n",
              "      <td>1</td>\n",
              "      <td>77234</td>\n",
              "      <td>4666</td>\n",
              "      <td>0</td>\n",
              "      <td>1</td>\n",
              "      <td>3</td>\n",
              "      <td>3</td>\n",
              "      <td>452</td>\n",
              "      <td>2</td>\n",
              "      <td>9.701187</td>\n",
              "      <td>0.000000</td>\n",
              "      <td>11.254595</td>\n",
              "      <td>109.182935</td>\n",
              "      <td>6.113682</td>\n",
              "      <td>68.807017</td>\n",
              "      <td>8.927940e-53</td>\n",
              "    </tr>\n",
              "    <tr>\n",
              "      <th>14</th>\n",
              "      <td>1</td>\n",
              "      <td>77234</td>\n",
              "      <td>4666</td>\n",
              "      <td>0</td>\n",
              "      <td>1</td>\n",
              "      <td>4</td>\n",
              "      <td>4</td>\n",
              "      <td>402</td>\n",
              "      <td>1</td>\n",
              "      <td>8.687841</td>\n",
              "      <td>0.000000</td>\n",
              "      <td>11.254595</td>\n",
              "      <td>97.778132</td>\n",
              "      <td>5.996452</td>\n",
              "      <td>67.487640</td>\n",
              "      <td>7.429964e-46</td>\n",
              "    </tr>\n",
              "  </tbody>\n",
              "</table>\n",
              "</div>\n",
              "      <button class=\"colab-df-convert\" onclick=\"convertToInteractive('df-ee7450f8-363e-42c3-853b-aaf66ee2f0ab')\"\n",
              "              title=\"Convert this dataframe to an interactive table.\"\n",
              "              style=\"display:none;\">\n",
              "        \n",
              "  <svg xmlns=\"http://www.w3.org/2000/svg\" height=\"24px\"viewBox=\"0 0 24 24\"\n",
              "       width=\"24px\">\n",
              "    <path d=\"M0 0h24v24H0V0z\" fill=\"none\"/>\n",
              "    <path d=\"M18.56 5.44l.94 2.06.94-2.06 2.06-.94-2.06-.94-.94-2.06-.94 2.06-2.06.94zm-11 1L8.5 8.5l.94-2.06 2.06-.94-2.06-.94L8.5 2.5l-.94 2.06-2.06.94zm10 10l.94 2.06.94-2.06 2.06-.94-2.06-.94-.94-2.06-.94 2.06-2.06.94z\"/><path d=\"M17.41 7.96l-1.37-1.37c-.4-.4-.92-.59-1.43-.59-.52 0-1.04.2-1.43.59L10.3 9.45l-7.72 7.72c-.78.78-.78 2.05 0 2.83L4 21.41c.39.39.9.59 1.41.59.51 0 1.02-.2 1.41-.59l7.78-7.78 2.81-2.81c.8-.78.8-2.07 0-2.86zM5.41 20L4 18.59l7.72-7.72 1.47 1.35L5.41 20z\"/>\n",
              "  </svg>\n",
